#Cluster5
6.268656716417911	1.0597014925373134
6.104477611940299	0.8656716417910447
6.417910447761194	0.7313432835820896
6.432835820895522	0.9104477611940298
5.955223880597015	0.7611940298507462
6.149253731343284	0.9552238805970149
5.940298507462686	0.8656716417910447
8.746268656716419	0.9850746268656716
7.2835820895522385	0.6567164179104478
7.447761194029851	0.7761194029850746
9.0	0.7164179104477612
9.029850746268657	0.6567164179104478
7.507462686567164	0.7014925373134329
8.044776119402986	0.7611940298507462
7.3283582089552235	0.6268656716417911
9.492537313432836	0.7313432835820896
8.776119402985074	0.4925373134328358
7.014925373134329	0.7164179104477612
8.970149253731343	0.4925373134328358
8.462686567164178	0.5074626865671642
7.8059701492537314	0.8507462686567164
8.567164179104477	0.7014925373134329
9.91044776119403	0.582089552238806
8.656716417910447	0.582089552238806
10.194029850746269	0.7164179104477612
11.507462686567164	0.6567164179104478
11.761194029850746	0.8507462686567164
13.253731343283581	1.0
13.044776119402986	0.8805970149253731
18.208955223880597	0.6567164179104478
25.44776119402985	0.7910447761194029
31.671641791044777	0.5223880597014925
22.492537313432837	0.6268656716417911
15.776119402985074	0.6119402985074627
31.865671641791046	0.44776119402985076
47.59701492537314	0.9253731343283582
47.059701492537314	0.9850746268656716
50.059701492537314	0.9253731343283582
40.149253731343286	0.9402985074626866
33.656716417910445	1.1044776119402986
35.35820895522388	0.9850746268656716
26.64179104477612	0.9850746268656716
21.46268656716418	1.0597014925373134
18.46268656716418	1.4328358208955223
17.52238805970149	1.626865671641791
22.98507462686567	2.1343283582089554
17.074626865671643	3.253731343283582
26.08955223880597	2.4029850746268657
14.35820895522388	4.358208955223881
12.417910447761194	2.6417910447761193
7.074626865671642	7.597014925373134
8.149253731343284	3.5522388059701493
6.776119402985074	4.582089552238806
8.925373134328359	3.3582089552238807
7.611940298507463	4.402985074626866
7.731343283582089	2.701492537313433
7.074626865671642	3.8059701492537314
7.985074626865671	3.5970149253731343
8.671641791044776	2.2388059701492535
8.985074626865671	1.9104477611940298
7.746268656716418	2.4328358208955225
21.104477611940297	1.492537313432836
9.970149253731343	2.5074626865671643
11.865671641791044	1.1791044776119404
12.238805970149254	1.5522388059701493
14.895522388059701	2.074626865671642
24.34328358208955	3.1641791044776117
7.597014925373134	2.4029850746268657
19.83582089552239	3.1343283582089554
16.26865671641791	3.8358208955223883
21.507462686567163	5.686567164179104
20.62686567164179	9.611940298507463
17.432835820895523	11.761194029850746
11.970149253731343	13.955223880597014
7.701492537313433	10.970149253731343
6.2388059701492535	17.059701492537314
8.955223880597014	15.044776119402986
8.611940298507463	21.65671641791045
6.791044776119403	30.35820895522388
6.388059701492537	11.776119402985074
5.835820895522388	15.238805970149254
12.223880597014926	19.507462686567163
7.388059701492537	25.044776119402986
8.223880597014926	27.53731343283582
6.358208955223881	17.432835820895523
7.208955223880597	12.08955223880597
7.776119402985074	26.611940298507463
5.477611940298507	23.28358208955224
4.164179104477612	16.940298507462686
4.597014925373134	11.91044776119403
5.865671641791045	10.91044776119403
7.164179104477612	18.62686567164179
6.104477611940299	12.746268656716419
3.044776119402985	10.26865671641791
4.3283582089552235	13.014925373134329
4.313432835820896	8.567164179104477
3.2238805970149254	7.059701492537314
7.82089552238806	6.0
6.2835820895522385	7.149253731343284
6.82089552238806	10.044776119402986
4.731343283582089	7.895522388059701
4.6716417910447765	8.35820895522388
3.0	9.567164179104477
5.044776119402985	6.537313432835821
5.552238805970149	6.388059701492537
8.104477611940299	8.537313432835822
7.7611940298507465	10.35820895522388
5.597014925373134	12.746268656716419
5.776119402985074	8.671641791044776
6.373134328358209	7.358208955223881
3.2686567164179103	9.91044776119403
7.492537313432836	9.686567164179104
5.104477611940299	9.805970149253731
5.865671641791045	10.597014925373134
5.2388059701492535	15.73134328358209
5.940298507462686	9.805970149253731
3.4477611940298507	16.328358208955223
4.492537313432836	8.462686567164178
5.029850746268656	10.104477611940299
4.447761194029851	12.522388059701493
3.791044776119403	13.35820895522388
5.925373134328358	9.492537313432836
4.6716417910447765	13.119402985074627
5.417910447761194	11.582089552238806
6.134328358208955	10.611940298507463
7.7611940298507465	9.91044776119403
6.462686567164179	11.313432835820896
5.164179104477612	9.671641791044776
5.447761194029851	13.940298507462687
3.4776119402985075	11.343283582089553
2.462686567164179	11.26865671641791
2.8805970149253732	13.328358208955224
2.701492537313433	11.746268656716419
1.9402985074626866	14.776119402985074
2.074626865671642	13.985074626865671
2.388059701492537	14.895522388059701
1.462686567164179	20.567164179104477
1.5970149253731343	22.70149253731343
1.492537313432836	23.104477611940297
0.9402985074626866	24.46268656716418
1.0746268656716418	25.402985074626866
1.044776119402985	22.059701492537314
0.7910447761194029	28.119402985074625
1.2686567164179106	22.970149253731343
0.7611940298507462	22.925373134328357
0.7014925373134329	24.119402985074625
0.8208955223880597	22.64179104477612
0.835820895522388	21.925373134328357
0.6119402985074627	20.074626865671643
0.5522388059701493	20.35820895522388
0.5970149253731343	18.119402985074625
