#Cluster227
4.814814814814815	0.4074074074074074
5.111111111111111	0.5925925925925926
3.962962962962963	0.5925925925925926
3.740740740740741	0.7407407407407407
4.592592592592593	0.5925925925925926
4.592592592592593	0.48148148148148145
4.7407407407407405	0.4444444444444444
4.925925925925926	0.2222222222222222
5.7407407407407405	0.37037037037037035
5.481481481481482	0.7037037037037037
3.962962962962963	0.5185185185185185
5.111111111111111	0.2962962962962963
4.851851851851852	0.2222222222222222
5.407407407407407	0.5185185185185185
5.407407407407407	0.37037037037037035
5.814814814814815	0.5185185185185185
5.518518518518518	0.5185185185185185
5.444444444444445	0.48148148148148145
5.777777777777778	0.6296296296296297
6.777777777777778	0.4074074074074074
6.444444444444445	0.37037037037037035
7.111111111111111	0.48148148148148145
7.814814814814815	0.7037037037037037
8.37037037037037	0.7037037037037037
9.925925925925926	0.5185185185185185
9.851851851851851	0.9629629629629629
11.0	0.7777777777777778
10.37037037037037	0.7407407407407407
12.518518518518519	0.4444444444444444
12.851851851851851	0.5555555555555556
12.962962962962964	0.48148148148148145
11.592592592592593	0.8148148148148148
13.62962962962963	0.5925925925925926
11.666666666666666	0.8148148148148148
10.444444444444445	0.5555555555555556
11.185185185185185	0.6666666666666666
11.518518518518519	0.6666666666666666
9.518518518518519	0.6666666666666666
9.74074074074074	0.4074074074074074
8.444444444444445	0.5925925925925926
9.11111111111111	0.8148148148148148
8.88888888888889	0.7037037037037037
8.555555555555555	0.5925925925925926
10.814814814814815	0.6666666666666666
8.25925925925926	0.5555555555555556
10.25925925925926	1.0
9.333333333333334	0.3333333333333333
8.481481481481481	0.48148148148148145
9.185185185185185	0.6296296296296297
10.62962962962963	0.7777777777777778
10.666666666666666	0.9259259259259259
10.666666666666666	0.25925925925925924
11.777777777777779	0.5925925925925926
12.88888888888889	0.6666666666666666
12.444444444444445	0.48148148148148145
12.074074074074074	0.48148148148148145
12.703703703703704	0.5555555555555556
14.62962962962963	0.6666666666666666
12.925925925925926	0.4074074074074074
14.037037037037036	0.6666666666666666
16.48148148148148	0.8148148148148148
15.518518518518519	0.9259259259259259
15.148148148148149	1.1111111111111112
14.222222222222221	0.9259259259259259
13.11111111111111	0.8518518518518519
15.962962962962964	1.1481481481481481
14.592592592592593	1.1111111111111112
9.962962962962964	1.1851851851851851
11.11111111111111	1.4074074074074074
10.814814814814815	1.0
12.555555555555555	1.7037037037037037
13.222222222222221	2.185185185185185
10.814814814814815	2.2962962962962963
12.11111111111111	3.185185185185185
9.407407407407407	2.259259259259259
11.814814814814815	3.037037037037037
10.37037037037037	2.4444444444444446
12.777777777777779	2.7037037037037037
8.62962962962963	2.888888888888889
9.444444444444445	4.111111111111111
11.11111111111111	4.62962962962963
11.148148148148149	3.037037037037037
10.25925925925926	2.5925925925925926
10.074074074074074	2.6296296296296298
10.148148148148149	3.074074074074074
9.88888888888889	2.4444444444444446
9.481481481481481	4.518518518518518
9.592592592592593	2.5555555555555554
8.481481481481481	4.185185185185185
9.481481481481481	4.666666666666667
7.0	3.7777777777777777
7.481481481481482	3.6296296296296298
6.666666666666667	3.5555555555555554
7.185185185185185	4.111111111111111
7.518518518518518	4.148148148148148
6.925925925925926	4.518518518518518
6.703703703703703	4.592592592592593
7.592592592592593	2.7037037037037037
8.296296296296296	2.962962962962963
7.851851851851852	4.444444444444445
8.222222222222221	4.333333333333333
7.814814814814815	3.4814814814814814
8.481481481481481	3.4444444444444446
6.2592592592592595	3.5925925925925926
7.444444444444445	3.4444444444444446
7.666666666666667	4.37037037037037
7.148148148148148	4.962962962962963
8.037037037037036	4.444444444444445
6.666666666666667	3.888888888888889
7.444444444444445	2.925925925925926
9.333333333333334	2.7037037037037037
7.444444444444445	3.4074074074074074
12.0	3.185185185185185
11.11111111111111	3.962962962962963
7.962962962962963	4.592592592592593
6.148148148148148	6.2592592592592595
7.0	4.037037037037037
8.74074074074074	4.407407407407407
8.407407407407407	5.481481481481482
10.925925925925926	5.185185185185185
7.925925925925926	4.777777777777778
9.074074074074074	4.777777777777778
6.777777777777778	4.925925925925926
7.925925925925926	4.333333333333333
8.185185185185185	4.185185185185185
7.0	6.037037037037037
8.185185185185185	4.407407407407407
8.851851851851851	5.148148148148148
7.074074074074074	6.37037037037037
8.037037037037036	4.333333333333333
8.88888888888889	5.111111111111111
8.074074074074074	4.296296296296297
7.962962962962963	4.2592592592592595
8.074074074074074	5.703703703703703
12.37037037037037	3.7037037037037037
9.777777777777779	4.851851851851852
9.703703703703704	5.037037037037037
11.037037037037036	5.7407407407407405
10.851851851851851	4.555555555555555
10.333333333333334	6.703703703703703
10.88888888888889	4.888888888888889
14.25925925925926	6.444444444444445
10.37037037037037	6.0
12.592592592592593	5.148148148148148
9.555555555555555	5.925925925925926
12.037037037037036	5.777777777777778
10.25925925925926	5.925925925925926
14.25925925925926	5.222222222222222
14.148148148148149	6.2592592592592595
11.592592592592593	7.962962962962963
9.37037037037037	7.7407407407407405
