#Cluster0
22.0	0.0
42.25	0.0
26.75	0.0
56.25	0.0
26.0	0.0
23.75	0.0
32.5	0.0
27.75	0.0
22.25	0.0
26.25	0.0
15.75	0.0
25.5	0.0
11.25	0.0
48.5	0.0
20.5	0.0
23.75	0.0
19.5	0.0
13.75	0.0
20.25	0.0
26.0	0.0
18.0	0.0
17.25	0.0
22.25	0.0
23.5	0.0
26.25	0.0
33.0	0.0
12.75	0.0
50.0	0.0
26.75	0.0
28.0	0.0
41.25	0.0
36.25	0.0
35.75	0.0
56.25	0.0
39.0	0.0
64.0	0.0
42.5	0.0
49.25	0.0
31.75	0.0
38.0	0.0
48.25	0.0
45.75	0.0
41.5	0.0
46.0	0.0
27.25	0.0
27.0	0.0
23.25	0.0
21.75	0.0
22.25	0.0
18.25	0.0
18.25	0.0
20.0	0.0
20.75	0.0
26.25	0.0
26.5	0.0
46.75	0.0
43.75	0.0
54.5	0.0
45.25	0.0
68.5	0.0
61.25	0.0
81.25	0.0
37.0	0.0
42.0	0.0
27.0	0.0
26.5	0.0
23.25	0.0
16.25	0.0
12.25	0.0
14.5	0.0
11.25	0.0
24.0	0.0
23.25	0.0
9.75	0.0
23.25	0.0
19.75	0.0
25.0	0.0
18.25	0.0
17.75	0.0
14.5	0.0
9.75	0.0
9.5	0.0
11.75	0.0
14.0	0.0
7.75	0.0
6.25	50.25
3.75	87.75
4.5	110.5
4.5	114.0
3.5	122.0
6.5	105.5
7.5	97.0
4.75	187.0
6.0	128.75
4.75	162.5
12.5	139.75
9.5	118.0
6.75	104.5
4.25	74.5
1.0	64.5
2.0	62.25
0.0	46.75
0.5	42.5
0.0	37.25
0.0	37.5
0.0	36.5
0.75	33.5
0.0	35.5
0.25	29.75
0.0	29.0
0.0	29.0
0.0	24.0
1.5	23.0
2.25	17.75
3.5	21.75
3.0	23.5
1.75	22.0
1.5	21.5
4.75	19.0
5.5	24.5
5.25	22.5
6.25	24.5
4.25	18.0
9.0	18.0
6.25	73.75
10.75	25.0
7.75	39.75
20.0	16.0
6.5	18.25
13.25	40.5
10.5	18.5
10.0	30.5
12.75	25.0
6.25	20.25
15.25	19.5
15.5	25.0
6.25	26.0
19.0	35.25
4.5	33.5
8.5	27.5
8.75	24.5
3.5	24.0
6.25	29.25
5.25	18.0
8.75	16.25
9.0	34.0
9.25	26.0
3.25	44.5
9.75	19.0
4.0	28.0
10.75	19.5
