#Cluster196
17.482758620689655	1.8620689655172413
15.758620689655173	1.4655172413793103
13.827586206896552	1.793103448275862
13.051724137931034	1.8793103448275863
11.258620689655173	2.6206896551724137
10.775862068965518	2.7413793103448274
7.982758620689655	2.896551724137931
8.689655172413794	2.8275862068965516
7.482758620689655	3.0344827586206895
8.120689655172415	4.086206896551724
7.293103448275862	4.448275862068965
7.396551724137931	4.862068965517241
7.931034482758621	5.5
7.241379310344827	5.431034482758621
6.862068965517241	5.844827586206897
6.810344827586207	6.0344827586206895
6.258620689655173	5.241379310344827
6.706896551724138	5.258620689655173
6.206896551724138	4.275862068965517
5.724137931034483	5.189655172413793
7.396551724137931	4.5
6.741379310344827	5.603448275862069
8.051724137931034	5.655172413793103
6.206896551724138	4.793103448275862
5.620689655172414	4.5344827586206895
5.258620689655173	5.120689655172414
6.758620689655173	3.293103448275862
5.4655172413793105	3.586206896551724
4.086206896551724	5.551724137931035
6.517241379310345	5.4655172413793105
6.086206896551724	5.827586206896552
5.431034482758621	5.0344827586206895
5.362068965517241	5.017241379310345
5.931034482758621	5.672413793103448
5.5344827586206895	4.9655172413793105
5.206896551724138	3.7586206896551726
3.9310344827586206	4.344827586206897
5.379310344827586	3.9655172413793105
6.413793103448276	4.724137931034483
4.482758620689655	5.672413793103448
4.189655172413793	7.741379310344827
8.60344827586207	2.689655172413793
4.879310344827586	4.655172413793103
8.275862068965518	4.879310344827586
6.758620689655173	4.793103448275862
7.637931034482759	4.862068965517241
5.793103448275862	6.655172413793103
6.913793103448276	4.431034482758621
9.931034482758621	7.362068965517241
10.844827586206897	6.206896551724138
11.293103448275861	6.706896551724138
11.086206896551724	6.758620689655173
12.5	6.896551724137931
6.948275862068965	8.96551724137931
14.482758620689655	7.810344827586207
9.517241379310345	6.448275862068965
7.379310344827586	6.775862068965517
7.706896551724138	6.5344827586206895
6.568965517241379	6.896551724137931
6.189655172413793	8.206896551724139
11.53448275862069	8.5
7.551724137931035	10.568965517241379
13.362068965517242	8.913793103448276
5.551724137931035	15.017241379310345
5.810344827586207	9.172413793103448
7.017241379310345	9.827586206896552
7.948275862068965	13.310344827586206
3.103448275862069	12.362068965517242
1.9310344827586208	14.5
1.6379310344827587	15.53448275862069
0.9310344827586207	27.20689655172414
1.1724137931034482	33.63793103448276
2.206896551724138	9.948275862068966
1.3448275862068966	12.086206896551724
0.7931034482758621	10.810344827586206
0.5517241379310345	8.431034482758621
1.7586206896551724	8.017241379310345
1.0172413793103448	14.948275862068966
1.396551724137931	5.793103448275862
1.6206896551724137	6.258620689655173
2.5172413793103448	4.586206896551724
3.0	5.672413793103448
2.810344827586207	4.051724137931035
5.241379310344827	5.103448275862069
2.8275862068965516	3.6724137931034484
2.689655172413793	5.758620689655173
2.2758620689655173	4.706896551724138
2.3275862068965516	4.948275862068965
2.706896551724138	6.189655172413793
1.7241379310344827	8.655172413793103
2.086206896551724	10.327586206896552
1.2758620689655173	15.051724137931034
1.206896551724138	14.051724137931034
0.8275862068965517	14.741379310344827
0.896551724137931	10.068965517241379
0.5344827586206896	12.431034482758621
0.7413793103448276	13.948275862068966
0.5689655172413793	15.482758620689655
0.9310344827586207	18.948275862068964
0.7068965517241379	19.637931034482758
0.5172413793103449	27.810344827586206
0.5862068965517241	35.5
0.39655172413793105	38.05172413793103
0.5172413793103449	25.75862068965517
0.5	17.379310344827587
0.7758620689655172	10.362068965517242
0.43103448275862066	15.155172413793103
0.6896551724137931	16.913793103448278
0.6379310344827587	17.53448275862069
0.5	13.413793103448276
0.603448275862069	11.344827586206897
0.6206896551724138	9.086206896551724
0.3448275862068966	8.275862068965518
0.5	7.4655172413793105
0.4827586206896552	6.896551724137931
0.5	6.344827586206897
0.3275862068965517	5.810344827586207
0.3103448275862069	6.241379310344827
0.41379310344827586	6.931034482758621
0.3275862068965517	6.310344827586207
0.2413793103448276	6.844827586206897
0.41379310344827586	5.862068965517241
0.46551724137931033	4.724137931034483
0.22413793103448276	5.637931034482759
0.41379310344827586	5.931034482758621
0.46551724137931033	5.517241379310345
0.3448275862068966	6.379310344827586
0.25862068965517243	6.275862068965517
0.27586206896551724	5.827586206896552
0.25862068965517243	6.0344827586206895
0.22413793103448276	4.948275862068965
0.29310344827586204	4.551724137931035
0.39655172413793105	4.775862068965517
0.20689655172413793	4.689655172413793
0.3620689655172414	4.637931034482759
0.3448275862068966	4.948275862068965
0.22413793103448276	4.9655172413793105
0.3275862068965517	4.482758620689655
0.29310344827586204	4.0344827586206895
0.3793103448275862	5.155172413793103
0.25862068965517243	4.017241379310345
0.27586206896551724	3.9827586206896552
0.27586206896551724	3.8793103448275863
0.2413793103448276	4.396551724137931
0.3448275862068966	4.379310344827586
0.3448275862068966	4.982758620689655
0.3275862068965517	3.689655172413793
0.20689655172413793	4.672413793103448
0.22413793103448276	3.1724137931034484
0.1896551724137931	3.4482758620689653
0.2413793103448276	3.8620689655172415
