#Cluster81
6.678571428571429	2.392857142857143
7.946428571428571	2.5
10.392857142857142	1.7142857142857142
11.089285714285714	1.2321428571428572
9.321428571428571	2.0535714285714284
18.857142857142858	1.1607142857142858
11.982142857142858	2.0892857142857144
13.107142857142858	1.625
19.303571428571427	1.8571428571428572
22.196428571428573	1.9642857142857142
23.107142857142858	2.8214285714285716
10.964285714285714	2.267857142857143
17.964285714285715	3.107142857142857
17.964285714285715	4.25
22.839285714285715	5.928571428571429
21.946428571428573	8.053571428571429
19.196428571428573	10.142857142857142
12.392857142857142	11.571428571428571
8.857142857142858	10.928571428571429
9.446428571428571	16.517857142857142
9.125	13.678571428571429
7.125	16.607142857142858
7.214285714285714	22.607142857142858
7.767857142857143	11.946428571428571
6.357142857142857	14.535714285714286
12.303571428571429	17.625
8.25	21.107142857142858
7.928571428571429	23.75
6.910714285714286	20.642857142857142
6.142857142857143	13.5
7.232142857142857	22.089285714285715
5.75	17.875
4.696428571428571	13.642857142857142
4.928571428571429	10.839285714285714
6.589285714285714	9.642857142857142
6.285714285714286	14.464285714285714
5.375	11.285714285714286
3.4464285714285716	8.553571428571429
4.482142857142857	8.285714285714286
4.446428571428571	7.053571428571429
5.160714285714286	7.357142857142857
7.196428571428571	7.857142857142857
6.017857142857143	7.142857142857143
6.0	7.428571428571429
4.035714285714286	5.982142857142857
3.857142857142857	7.321428571428571
3.75	8.839285714285714
6.160714285714286	6.25
5.535714285714286	6.696428571428571
7.375	8.625
6.732142857142857	9.625
4.517857142857143	9.589285714285714
5.053571428571429	6.053571428571429
6.571428571428571	7.732142857142857
4.196428571428571	9.839285714285714
7.428571428571429	7.767857142857143
5.517857142857143	9.357142857142858
6.642857142857143	9.267857142857142
5.446428571428571	14.178571428571429
5.892857142857143	9.410714285714286
4.053571428571429	12.714285714285714
5.839285714285714	8.035714285714286
6.214285714285714	9.642857142857142
5.625	11.553571428571429
4.625	12.035714285714286
7.071428571428571	10.535714285714286
5.714285714285714	12.303571428571429
7.107142857142857	11.607142857142858
6.910714285714286	12.035714285714286
7.178571428571429	11.625
5.589285714285714	12.982142857142858
4.125	11.053571428571429
2.857142857142857	13.964285714285714
3.2142857142857144	12.589285714285714
2.4464285714285716	10.607142857142858
2.5	13.232142857142858
2.392857142857143	14.089285714285714
1.75	16.035714285714285
1.6785714285714286	18.625
2.142857142857143	18.5
1.5357142857142858	21.767857142857142
1.4642857142857142	24.660714285714285
1.0714285714285714	26.875
0.8928571428571429	26.928571428571427
0.6428571428571429	24.910714285714285
0.6964285714285714	22.053571428571427
0.6071428571428571	26.553571428571427
0.7142857142857143	22.339285714285715
0.5714285714285714	25.214285714285715
0.5	21.696428571428573
0.5357142857142857	23.482142857142858
0.5357142857142857	22.267857142857142
0.2857142857142857	18.75
0.5535714285714286	19.964285714285715
0.25	17.035714285714285
0.21428571428571427	14.071428571428571
0.44642857142857145	14.107142857142858
0.48214285714285715	10.803571428571429
0.17857142857142858	10.678571428571429
0.35714285714285715	12.857142857142858
0.48214285714285715	11.071428571428571
0.6071428571428571	10.053571428571429
0.17857142857142858	10.267857142857142
0.3392857142857143	11.964285714285714
0.30357142857142855	10.142857142857142
0.35714285714285715	11.75
0.4107142857142857	11.232142857142858
0.5714285714285714	13.625
0.32142857142857145	14.232142857142858
0.48214285714285715	14.910714285714286
0.5357142857142857	14.339285714285714
0.44642857142857145	18.267857142857142
0.39285714285714285	19.553571428571427
0.5178571428571429	16.357142857142858
0.44642857142857145	17.803571428571427
0.5714285714285714	16.214285714285715
0.5892857142857143	17.982142857142858
0.4642857142857143	18.571428571428573
0.4107142857142857	15.071428571428571
0.42857142857142855	14.678571428571429
0.4642857142857143	13.25
0.48214285714285715	10.714285714285714
0.35714285714285715	9.678571428571429
0.5178571428571429	8.107142857142858
0.39285714285714285	6.982142857142857
0.2857142857142857	8.732142857142858
0.48214285714285715	6.821428571428571
0.4107142857142857	7.714285714285714
0.44642857142857145	7.696428571428571
0.30357142857142855	7.517857142857143
0.23214285714285715	6.928571428571429
0.35714285714285715	7.178571428571429
0.26785714285714285	6.678571428571429
0.30357142857142855	8.053571428571429
0.32142857142857145	7.107142857142857
0.3392857142857143	6.607142857142857
0.44642857142857145	7.285714285714286
0.39285714285714285	6.160714285714286
0.26785714285714285	6.178571428571429
0.2857142857142857	5.875
0.125	6.375
0.3392857142857143	6.625
0.14285714285714285	6.0
0.26785714285714285	5.285714285714286
0.25	5.285714285714286
0.23214285714285715	6.946428571428571
0.14285714285714285	5.857142857142857
0.125	5.625
0.21428571428571427	5.857142857142857
0.17857142857142858	5.089285714285714
0.19642857142857142	5.410714285714286
