#Cluster20
9.25	3.1875
7.90625	1.96875
8.8125	2.0
7.0	4.53125
9.1875	2.59375
7.75	1.90625
7.8125	1.84375
6.875	2.0625
8.21875	1.6875
6.78125	2.3125
8.09375	3.0
5.875	3.0625
7.40625	3.25
5.125	4.6875
5.65625	3.4375
6.8125	3.34375
5.0625	2.65625
6.53125	4.21875
7.1875	4.0
5.625	3.375
6.71875	3.3125
5.65625	3.84375
8.21875	2.4375
6.28125	3.125
6.59375	3.21875
8.78125	3.46875
6.25	3.9375
5.53125	3.90625
6.25	3.1875
6.4375	2.9375
7.5625	3.75
8.5	2.5625
7.03125	3.21875
6.8125	3.625
10.90625	2.84375
5.9375	3.84375
12.9375	2.78125
8.1875	4.03125
8.5625	2.96875
6.28125	4.53125
6.59375	3.21875
8.71875	3.65625
7.34375	3.25
8.4375	4.09375
7.53125	4.3125
7.9375	3.96875
6.90625	5.15625
9.34375	3.40625
7.84375	4.59375
6.21875	5.03125
6.1875	2.5625
10.34375	3.28125
8.09375	4.8125
5.84375	4.28125
6.90625	4.375
6.5625	3.6875
5.65625	4.875
5.53125	5.5
7.625	3.65625
7.4375	2.78125
7.0	3.71875
8.25	4.25
8.1875	4.6875
7.3125	4.0625
5.5625	5.9375
8.65625	5.875
8.34375	4.53125
10.09375	4.9375
10.9375	4.96875
10.03125	5.625
8.59375	6.28125
13.125	4.78125
15.25	4.78125
15.25	8.21875
19.6875	7.15625
10.15625	7.28125
11.625	5.375
10.8125	6.5625
11.90625	8.03125
13.34375	19.875
12.875	3.78125
11.03125	8.40625
8.53125	6.125
12.125	10.0
14.5625	15.96875
8.4375	18.4375
4.78125	20.59375
4.03125	15.1875
1.15625	25.53125
1.84375	25.78125
2.0625	28.03125
1.25	17.9375
0.625	12.53125
0.5625	9.15625
0.75	7.375
1.03125	7.8125
1.65625	6.65625
1.1875	6.78125
1.875	5.59375
3.3125	5.4375
2.40625	7.09375
2.59375	10.8125
3.8125	3.21875
1.96875	3.65625
3.125	3.8125
1.65625	4.21875
5.6875	4.28125
2.3125	7.125
2.34375	7.0
1.625	10.84375
1.34375	8.625
1.21875	11.0625
0.5	13.125
0.78125	9.71875
0.65625	10.9375
0.28125	13.125
0.40625	20.21875
0.375	28.65625
0.5625	39.65625
0.65625	47.84375
0.375	37.0625
0.5	25.96875
0.9375	13.375
0.28125	8.71875
0.40625	14.5
0.6875	13.8125
0.75	15.0625
0.78125	11.0625
0.59375	7.25
0.34375	7.21875
0.65625	7.09375
0.46875	5.875
0.75	5.65625
0.53125	7.375
0.40625	6.71875
0.4375	7.25
0.34375	6.34375
0.34375	5.75
0.46875	5.625
0.34375	6.125
0.3125	5.375
0.3125	7.875
0.375	4.65625
0.53125	6.90625
0.3125	6.09375
0.125	4.1875
0.15625	6.09375
0.34375	5.5625
0.5	3.875
0.28125	5.40625
0.28125	4.625
