#Cluster46
12.625	0.484375
15.3125	0.375
14.21875	0.546875
13.875	0.40625
16.578125	0.34375
13.890625	0.359375
13.15625	0.421875
17.125	0.53125
15.84375	0.46875
18.234375	0.53125
19.0	0.546875
18.6875	0.8125
18.359375	0.875
18.140625	0.90625
13.6875	1.234375
10.609375	1.125
11.671875	0.8125
9.890625	1.234375
8.59375	1.34375
8.578125	1.359375
10.6875	1.84375
9.6875	2.078125
10.3125	3.640625
7.828125	3.6875
9.65625	4.15625
8.390625	7.234375
8.5625	4.859375
8.609375	5.890625
7.9375	4.15625
6.671875	4.953125
7.4375	4.328125
7.09375	4.265625
6.40625	5.484375
8.5	3.46875
8.171875	3.34375
8.125	3.578125
7.3125	4.265625
8.21875	3.984375
5.578125	6.1875
5.90625	2.21875
4.390625	4.5625
5.3125	3.03125
4.203125	4.40625
14.40625	2.703125
5.90625	3.171875
5.4375	4.5
5.546875	4.25
5.015625	2.78125
4.40625	2.59375
4.84375	2.421875
5.15625	3.578125
8.40625	4.984375
9.296875	3.90625
7.1875	5.171875
5.15625	5.515625
9.1875	2.375
7.109375	3.546875
10.15625	4.046875
6.9375	3.25
13.875	5.109375
11.984375	4.734375
11.453125	4.078125
19.25	6.1875
14.921875	5.375
28.609375	5.125
26.265625	7.171875
16.8125	6.546875
10.46875	6.984375
17.5625	5.828125
9.96875	5.421875
13.984375	6.984375
9.609375	5.890625
9.1875	6.46875
9.234375	9.96875
11.359375	9.109375
9.359375	8.5625
5.984375	9.796875
5.109375	33.453125
4.265625	9.515625
5.65625	13.625
3.234375	10.265625
1.84375	13.859375
1.8125	15.125
1.015625	27.875
1.203125	34.96875
1.859375	23.984375
1.421875	13.453125
0.828125	11.125
0.53125	9.234375
1.765625	7.703125
1.109375	13.59375
2.015625	6.15625
2.140625	5.546875
2.0	7.4375
2.859375	5.375
3.015625	5.65625
1.984375	5.3125
2.96875	5.203125
1.890625	4.09375
2.25	5.578125
2.90625	4.890625
2.578125	7.265625
2.328125	6.90625
3.53125	11.859375
1.75	15.53125
1.484375	11.03125
1.921875	14.90625
1.375	14.296875
0.765625	13.59375
0.9375	13.546875
0.90625	18.890625
0.765625	25.25
0.8125	24.46875
0.9375	29.203125
0.53125	34.265625
0.703125	28.703125
1.296875	32.328125
1.234375	15.6875
0.59375	10.78125
0.53125	14.90625
1.015625	19.28125
0.671875	16.53125
0.53125	12.015625
0.59375	10.671875
0.421875	7.578125
0.609375	7.234375
0.734375	6.78125
0.4375	7.25
0.46875	7.28125
0.78125	7.203125
0.4375	6.78125
0.4375	7.703125
0.6875	5.40625
0.75	6.484375
0.453125	6.8125
0.5625	6.015625
0.484375	4.828125
0.625	6.0625
0.765625	5.4375
0.359375	5.25
0.453125	5.34375
0.25	5.421875
0.453125	5.859375
0.5	5.28125
0.4375	5.90625
0.40625	6.71875
0.84375	5.28125
0.328125	4.625
0.34375	5.203125
0.59375	4.6875
0.5625	4.796875
