#Cluster303
4.605263157894737	0.5526315789473685
4.2631578947368425	0.3157894736842105
5.184210526315789	0.2631578947368421
4.526315789473684	0.34210526315789475
3.5789473684210527	0.23684210526315788
3.710526315789474	0.15789473684210525
6.078947368421052	0.18421052631578946
3.3684210526315788	0.23684210526315788
5.052631578947368	0.47368421052631576
5.0	0.23684210526315788
4.684210526315789	0.3157894736842105
3.263157894736842	0.2631578947368421
4.5	0.3157894736842105
5.157894736842105	0.5789473684210527
4.2368421052631575	0.23684210526315788
5.815789473684211	0.18421052631578946
4.052631578947368	0.13157894736842105
5.447368421052632	0.2631578947368421
4.552631578947368	0.47368421052631576
5.815789473684211	0.2894736842105263
4.526315789473684	0.42105263157894735
7.157894736842105	0.3684210526315789
5.842105263157895	0.18421052631578946
4.973684210526316	0.21052631578947367
6.552631578947368	0.15789473684210525
4.157894736842105	0.3157894736842105
5.447368421052632	0.23684210526315788
5.315789473684211	0.42105263157894735
6.815789473684211	0.2894736842105263
6.473684210526316	0.2894736842105263
5.815789473684211	0.21052631578947367
5.7105263157894735	0.42105263157894735
7.2105263157894735	0.5
6.2368421052631575	0.4473684210526316
7.421052631578948	0.18421052631578946
6.7105263157894735	0.2631578947368421
6.078947368421052	0.18421052631578946
5.894736842105263	0.2894736842105263
7.7631578947368425	0.4473684210526316
7.526315789473684	0.3684210526315789
7.368421052631579	0.3684210526315789
9.789473684210526	0.13157894736842105
10.289473684210526	0.2631578947368421
13.18421052631579	0.23684210526315788
18.736842105263158	0.3684210526315789
15.026315789473685	0.3684210526315789
9.052631578947368	0.47368421052631576
15.210526315789474	0.23684210526315788
22.0	0.3157894736842105
23.473684210526315	0.39473684210526316
39.28947368421053	0.4473684210526316
39.94736842105263	0.23684210526315788
27.63157894736842	0.2894736842105263
38.26315789473684	0.5526315789473685
22.157894736842106	0.3157894736842105
13.578947368421053	0.47368421052631576
16.763157894736842	0.23684210526315788
15.947368421052632	0.5
14.552631578947368	0.7105263157894737
14.421052631578947	0.9736842105263158
13.026315789473685	0.7631578947368421
12.973684210526315	1.0789473684210527
9.342105263157896	1.5263157894736843
9.526315789473685	1.5789473684210527
6.7894736842105265	2.1842105263157894
8.631578947368421	2.1315789473684212
6.078947368421052	2.236842105263158
5.921052631578948	1.894736842105263
5.894736842105263	4.552631578947368
6.7894736842105265	2.026315789473684
8.078947368421053	3.763157894736842
9.078947368421053	1.394736842105263
9.052631578947368	1.605263157894737
4.394736842105263	1.2105263157894737
21.789473684210527	0.8157894736842105
9.18421052631579	1.0789473684210527
9.605263157894736	0.5263157894736842
9.763157894736842	0.3684210526315789
20.13157894736842	0.9473684210526315
13.31578947368421	2.1842105263157894
57.10526315789474	1.131578947368421
26.13157894736842	1.394736842105263
17.55263157894737	0.9210526315789473
10.078947368421053	2.526315789473684
12.921052631578947	3.1842105263157894
12.894736842105264	5.631578947368421
13.842105263157896	5.7105263157894735
8.631578947368421	10.18421052631579
8.368421052631579	18.42105263157895
6.578947368421052	16.55263157894737
6.342105263157895	16.36842105263158
10.789473684210526	11.263157894736842
9.81578947368421	12.105263157894736
7.894736842105263	11.868421052631579
7.5	15.052631578947368
5.315789473684211	16.736842105263158
4.2105263157894735	17.473684210526315
2.8421052631578947	11.657894736842104
3.3421052631578947	22.44736842105263
4.394736842105263	19.36842105263158
4.657894736842105	21.86842105263158
5.2894736842105265	16.57894736842105
5.184210526315789	13.710526315789474
4.315789473684211	11.31578947368421
4.657894736842105	9.105263157894736
4.842105263157895	7.947368421052632
6.315789473684211	7.973684210526316
6.684210526315789	4.842105263157895
5.394736842105263	4.973684210526316
3.763157894736842	5.842105263157895
4.7894736842105265	7.2105263157894735
4.2894736842105265	6.157894736842105
10.868421052631579	4.578947368421052
5.7368421052631575	4.973684210526316
6.578947368421052	5.105263157894737
5.131578947368421	8.236842105263158
4.657894736842105	6.2894736842105265
3.8684210526315788	8.921052631578947
1.736842105263158	7.868421052631579
2.526315789473684	7.157894736842105
2.6315789473684212	7.2105263157894735
4.157894736842105	4.552631578947368
2.736842105263158	10.131578947368421
4.026315789473684	10.921052631578947
2.9210526315789473	6.894736842105263
2.8421052631578947	6.7631578947368425
2.6578947368421053	6.7368421052631575
4.342105263157895	5.052631578947368
3.1052631578947367	7.657894736842105
3.3684210526315788	6.342105263157895
3.1315789473684212	6.2631578947368425
3.5789473684210527	7.657894736842105
2.8947368421052633	5.421052631578948
3.1842105263157894	4.973684210526316
4.7631578947368425	4.7105263157894735
2.736842105263158	6.394736842105263
4.7631578947368425	6.684210526315789
5.2631578947368425	6.552631578947368
5.026315789473684	5.973684210526316
3.473684210526316	10.473684210526315
3.289473684210526	7.315789473684211
3.6052631578947367	6.7368421052631575
3.0789473684210527	8.131578947368421
3.1052631578947367	6.842105263157895
4.184210526315789	8.710526315789474
3.6578947368421053	8.526315789473685
3.8947368421052633	9.078947368421053
4.2631578947368425	8.578947368421053
4.2894736842105265	10.105263157894736
3.1315789473684212	7.184210526315789
2.3684210526315788	10.052631578947368
