#Cluster200
4.205479452054795	0.273972602739726
4.986301369863014	0.2328767123287671
5.2465753424657535	0.1780821917808219
5.438356164383562	0.2465753424657534
4.890410958904109	0.2465753424657534
5.219178082191781	0.2602739726027397
4.821917808219178	0.589041095890411
5.232876712328767	0.2054794520547945
6.082191780821918	0.273972602739726
5.342465753424658	0.3150684931506849
4.616438356164384	0.1506849315068493
5.63013698630137	0.2328767123287671
5.589041095890411	0.3698630136986301
5.465753424657534	0.3013698630136986
5.424657534246576	0.3150684931506849
5.958904109589041	0.2465753424657534
5.575342465753424	0.2054794520547945
6.328767123287672	0.3013698630136986
5.534246575342466	0.3424657534246575
6.301369863013699	0.2328767123287671
6.7534246575342465	0.1780821917808219
7.041095890410959	0.3424657534246575
6.52054794520548	0.4246575342465753
6.767123287671233	0.3835616438356164
6.7534246575342465	0.4794520547945205
7.027397260273973	0.3698630136986301
6.739726027397261	0.3013698630136986
10.287671232876713	0.4657534246575342
10.287671232876713	0.3835616438356164
12.767123287671232	0.4931506849315068
17.876712328767123	0.3698630136986301
19.397260273972602	0.273972602739726
18.397260273972602	0.6027397260273972
19.465753424657535	0.3972602739726027
18.315068493150687	0.4246575342465753
16.84931506849315	0.273972602739726
18.246575342465754	0.6027397260273972
15.849315068493151	0.4657534246575342
15.493150684931507	0.3972602739726027
16.068493150684933	0.3287671232876712
13.863013698630137	0.4520547945205479
11.89041095890411	0.5205479452054794
11.136986301369863	0.7671232876712328
11.164383561643836	0.8904109589041096
9.95890410958904	0.8356164383561644
8.547945205479452	0.547945205479452
9.10958904109589	0.5342465753424658
8.36986301369863	0.4520547945205479
9.383561643835616	0.3698630136986301
9.136986301369863	0.589041095890411
9.849315068493151	0.1643835616438356
10.342465753424657	0.4657534246575342
11.575342465753424	0.4931506849315068
13.150684931506849	0.3698630136986301
13.945205479452055	0.273972602739726
15.04109589041096	0.3972602739726027
17.534246575342465	0.3698630136986301
19.71232876712329	0.6027397260273972
21.931506849315067	0.4246575342465753
20.383561643835616	0.4794520547945205
24.945205479452056	0.3698630136986301
25.465753424657535	0.4657534246575342
25.027397260273972	0.547945205479452
24.424657534246574	0.7534246575342466
23.52054794520548	0.9452054794520548
22.561643835616437	0.9178082191780822
21.506849315068493	0.9178082191780822
21.616438356164384	1.1506849315068493
20.493150684931507	1.5890410958904109
18.47945205479452	1.6575342465753424
16.71232876712329	1.8493150684931507
12.246575342465754	1.726027397260274
12.32876712328767	2.2739726027397262
9.794520547945206	2.5753424657534247
8.575342465753424	3.6301369863013697
8.58904109589041	3.1506849315068495
9.246575342465754	4.136986301369863
8.383561643835616	6.712328767123288
9.164383561643836	5.589041095890411
7.767123287671233	6.342465753424658
8.931506849315069	7.657534246575342
7.602739726027397	8.10958904109589
9.356164383561644	6.780821917808219
8.178082191780822	7.616438356164384
8.438356164383562	6.191780821917808
7.739726027397261	5.424657534246576
7.63013698630137	5.232876712328767
6.506849315068493	5.835616438356165
7.616438356164384	4.726027397260274
8.04109589041096	5.095890410958904
8.561643835616438	5.876712328767123
6.671232876712328	6.424657534246576
6.164383561643835	6.328767123287672
6.63013698630137	5.315068493150685
6.123287671232877	4.534246575342466
4.767123287671233	4.712328767123288
4.890410958904109	4.712328767123288
6.383561643835616	5.767123287671233
6.36986301369863	5.945205479452055
5.410958904109589	6.4520547945205475
6.6438356164383565	6.561643835616438
5.397260273972603	7.821917808219178
6.4520547945205475	5.3561643835616435
5.904109589041096	4.7534246575342465
5.027397260273973	5.835616438356165
6.232876712328767	5.410958904109589
7.328767123287672	5.410958904109589
5.657534246575342	6.876712328767123
5.465753424657534	6.3561643835616435
7.054794520547945	4.835616438356165
7.0	4.780821917808219
8.835616438356164	4.972602739726027
6.712328767123288	5.63013698630137
7.52054794520548	5.616438356164384
8.63013698630137	7.095890410958904
8.136986301369863	6.328767123287672
8.602739726027398	7.0
11.397260273972602	6.972602739726027
12.58904109589041	7.232876712328767
13.821917808219178	8.287671232876713
11.67123287671233	7.794520547945205
7.493150684931507	9.10958904109589
12.04109589041096	8.73972602739726
11.58904109589041	7.041095890410959
8.63013698630137	8.73972602739726
8.73972602739726	10.575342465753424
7.890410958904109	6.465753424657534
8.219178082191782	9.452054794520548
8.849315068493151	10.821917808219178
7.780821917808219	12.712328767123287
8.36986301369863	13.73972602739726
7.082191780821918	17.71232876712329
4.986301369863014	14.616438356164384
6.328767123287672	12.794520547945206
5.726027397260274	14.356164383561644
3.589041095890411	12.876712328767123
2.5205479452054793	15.780821917808218
2.8767123287671232	14.356164383561644
1.7671232876712328	22.19178082191781
2.232876712328767	17.671232876712327
1.6849315068493151	14.164383561643836
1.904109589041096	11.876712328767123
1.5068493150684932	11.438356164383562
1.5616438356164384	9.013698630136986
1.6849315068493151	10.054794520547945
1.726027397260274	9.917808219178083
2.0684931506849313	7.041095890410959
1.9589041095890412	5.383561643835616
2.5753424657534247	5.589041095890411
3.191780821917808	5.136986301369863
3.712328767123288	4.684931506849315
