#Cluster16
4.567901234567901	0.9012345679012346
5.45679012345679	0.9135802469135802
5.234567901234568	0.6419753086419753
5.111111111111111	0.3950617283950617
5.283950617283951	0.48148148148148145
5.407407407407407	0.49382716049382713
4.987654320987654	0.4567901234567901
4.938271604938271	0.4074074074074074
5.209876543209877	0.38271604938271603
5.08641975308642	0.43209876543209874
5.493827160493828	0.5185185185185185
5.716049382716049	0.4074074074074074
5.679012345679013	0.38271604938271603
5.444444444444445	0.49382716049382713
6.1234567901234565	0.5802469135802469
6.9753086419753085	0.5185185185185185
6.0246913580246915	0.37037037037037035
6.654320987654321	0.4444444444444444
6.493827160493828	0.5185185185185185
6.6419753086419755	0.5185185185185185
6.395061728395062	0.5555555555555556
6.185185185185185	0.4691358024691358
5.703703703703703	0.5185185185185185
6.864197530864198	0.5555555555555556
5.296296296296297	0.6666666666666666
6.592592592592593	0.6172839506172839
6.925925925925926	0.6049382716049383
7.2592592592592595	0.5679012345679012
7.345679012345679	0.691358024691358
8.790123456790123	0.5802469135802469
8.864197530864198	0.6049382716049383
8.802469135802468	0.48148148148148145
12.061728395061728	0.5555555555555556
15.333333333333334	0.6049382716049383
20.012345679012345	0.7407407407407407
22.419753086419753	0.5555555555555556
15.493827160493828	0.49382716049382713
15.617283950617283	0.5061728395061729
21.814814814814813	0.8271604938271605
31.074074074074073	0.5679012345679012
35.45679012345679	0.7777777777777778
32.23456790123457	0.5432098765432098
22.037037037037038	0.7407407407407407
19.074074074074073	0.7037037037037037
20.185185185185187	0.7901234567901234
15.728395061728396	0.7037037037037037
13.506172839506172	0.7407407407407407
13.469135802469136	0.7530864197530864
13.716049382716049	0.8641975308641975
13.37037037037037	0.8518518518518519
14.777777777777779	1.3333333333333333
13.62962962962963	1.617283950617284
8.54320987654321	2.9012345679012346
7.814814814814815	2.3580246913580245
5.45679012345679	2.6666666666666665
6.2592592592592595	2.308641975308642
5.592592592592593	2.2222222222222223
7.888888888888889	1.654320987654321
3.9753086419753085	2.765432098765432
4.925925925925926	2.7160493827160495
4.679012345679013	3.234567901234568
5.62962962962963	2.925925925925926
4.703703703703703	2.123456790123457
5.580246913580247	1.8395061728395061
6.864197530864198	2.049382716049383
9.17283950617284	0.9753086419753086
7.061728395061729	1.0493827160493827
9.518518518518519	0.691358024691358
10.45679012345679	1.308641975308642
10.851851851851851	1.6790123456790123
12.753086419753087	1.4074074074074074
13.25925925925926	1.9135802469135803
14.765432098765432	1.7777777777777777
11.950617283950617	2.0987654320987654
13.419753086419753	2.6049382716049383
14.17283950617284	2.691358024691358
16.11111111111111	3.814814814814815
20.864197530864196	4.45679012345679
22.22222222222222	4.3580246913580245
19.839506172839506	5.654320987654321
16.728395061728396	6.753086419753086
11.395061728395062	7.567901234567901
11.37037037037037	7.320987654320987
8.938271604938272	8.407407407407407
7.08641975308642	8.790123456790123
8.197530864197532	11.333333333333334
8.975308641975309	9.728395061728396
7.493827160493828	9.716049382716049
8.11111111111111	12.580246913580247
11.345679012345679	7.54320987654321
6.222222222222222	13.074074074074074
7.209876543209877	15.308641975308642
6.209876543209877	11.148148148148149
5.753086419753086	9.641975308641975
5.6419753086419755	11.765432098765432
5.382716049382716	8.62962962962963
5.7407407407407405	9.62962962962963
5.864197530864198	8.641975308641975
5.777777777777778	7.0246913580246915
3.9753086419753085	9.506172839506172
3.1604938271604937	7.222222222222222
4.049382716049383	5.950617283950617
4.716049382716049	5.246913580246914
5.320987654320987	6.888888888888889
5.037037037037037	9.382716049382717
4.08641975308642	6.62962962962963
3.740740740740741	4.666666666666667
4.074074074074074	4.518518518518518
3.8395061728395063	5.209876543209877
5.395061728395062	4.925925925925926
7.518518518518518	5.506172839506172
5.08641975308642	5.555555555555555
4.827160493827161	5.345679012345679
4.555555555555555	4.419753086419753
3.925925925925926	5.012345679012346
3.9012345679012346	4.716049382716049
4.407407407407407	4.271604938271605
4.407407407407407	7.37037037037037
5.518518518518518	5.197530864197531
4.851851851851852	6.432098765432099
4.814814814814815	7.938271604938271
4.938271604938271	8.061728395061728
4.481481481481482	8.54320987654321
5.172839506172839	6.148148148148148
4.518518518518518	7.111111111111111
5.037037037037037	7.234567901234568
5.382716049382716	7.716049382716049
5.0246913580246915	8.333333333333334
6.3580246913580245	7.703703703703703
6.296296296296297	7.493827160493828
5.62962962962963	7.802469135802469
5.444444444444445	7.790123456790123
4.888888888888889	8.395061728395062
4.3580246913580245	9.555555555555555
3.1728395061728394	9.209876543209877
2.7160493827160495	9.975308641975309
2.5185185185185186	8.209876543209877
2.9876543209876543	8.567901234567902
1.7901234567901234	9.308641975308642
1.7777777777777777	13.098765432098766
1.5432098765432098	13.493827160493828
1.1111111111111112	16.419753086419753
1.1604938271604939	16.296296296296298
1.0	17.135802469135804
1.0493827160493827	18.604938271604937
0.8024691358024691	19.938271604938272
0.6666666666666666	19.691358024691358
0.4691358024691358	17.814814814814813
0.5308641975308642	17.48148148148148
0.4444444444444444	16.876543209876544
0.4567901234567901	15.91358024691358
